21
fb3154ba-fe51-4c3b-8bdc-e6b738beec55 0 0 0 0 0.44 0 0 0 0.94 0 0 0 0 0.8 0.58 0 0 0 0 0.97 0.24
cee0a3fc-047e-4b01-ad90-1820cb3bf2ab 0 0 0.75 0 0.99 0 0.75 0 0 0.99 0 0 0 0 0.15 0.38 0 0.64 0 0 0
1d1cf22b-4c6a-4e14-9c04-e45591e14549 0.05 0.21 0 0 0.9 0.71 0 0 0.72 0 0.9 0 0 0 0.01 0 0.36 0.61 0.95 0 0.94
b965ad64-c6f7-4893-b56f-a693286c8b5b 0 0 0 0 0 0 0 0.79 0 0 0 0 0 0 0 0 0 0 0 0 0
9d04e150-49d4-4f57-aefc-954035a3b292 0.22 0 0 0 0 0.59 0 0 0 0 0.88 0 0.47 0.1 0 0 0.45 0 0.21 0 0.93
6ca46cfd-b179-4057-8cde-307d0cba1d17 0 0 0 0.68 0.18 0 0.07 0 0.05 0 0.93 0 0 0 0.29 0.45 0 0 0.22 0.07 0
9206642b-4f1c-4593-a3a9-738b025b915a 0 0 0 0 0 0 0.98 0.9 0.06 0 0.52 0 0.94 0 0 0.62 0 0 0 0.06 0
9bf4e8bb-ecc8-4476-97fc-cabbacf1b919 0 0 0 0 0.12 0 0 0 0 0 0 0.78 0.44 0 0.34 0 0.91 0 0 0 0
0db1e88d-aeba-401e-99b0-99fecff33bcb 0 0 0.59 0 0 0 0.22 0.33 0.52 0 0 0 0 0 0 0 0 0 0 0 0.95
54c6454f-86fe-4275-957f-5d2aa68ae4b4 0 0.28 0.47 0.31 0 0.57 1.0 0 0 0 0 0 0.35 0.02 0.86 0.22 0 0.71 0.61 0 0